45
43
44
46
43
45
46
42
43
47
42
46
48
42
47
48
41
42
49
41
48
3
1
2
3
57
1
49
40
41
50
40
49
51
40
50
51
39
40
52
39
51
52
38
39
53
38
52
54
38
53
54
37
38
55
37
54
56
37
55
56
17
37
17
36
37
3
56
57
3
5
56
5
6
56
6
7
56
7
8
56
8
9
56
9
10
56
10
11
56
11
12
56
12
13
56
13
14
56
14
15
56
15
16
56
16
17
56
18
36
17
19
36
18
20
36
19
21
36
20
21
35
36
22
35
21
23
35
22
24
35
23
24
34
35
25
34
24
26
34
25
26
33
34
27
33
26
3
4
5
28
33
27
28
32
33
29
32
28
30
32
29
30
31
32
88
86
87
88
85
86
61
59
60
61
58
59
89
85
88
89
84
85
89
83
84
90
83
89
90
82
83
62
58
61
90
81
82
63
58
62
91
81
90
91
80
81
64
58
63
65
58
64
91
79
80
92
79
91
66
58
65
92
78
79
67
112
66
112
58
66
92
77
78
68
112
67
92
76
77
69
112
68
93
76
92
70
112
69
93
75
76
71
112
70
93
74
75
72
112
71
93
73
74
73
112
72
93
112
73
93
111
112
113
58
112
94
111
93
94
110
111
94
109
110
95
109
94
95
108
109
96
108
95
96
107
108
96
106
107
97
106
96
97
105
106
97
104
105
98
104
97
98
103
104
99
103
98
99
102
103
99
101
102
100
101
99
119
117
118
119
116
117
120
116
119
120
115
116
121
115
120
121
114
115
122
114
121
122
173
114
123
173
122
124
173
123
125
173
124
126
170
125
170
171
125
171
172
125
172
173
125
127
168
126
168
169
126
169
170
126
128
166
127
166
167
127
167
168
127
129
165
128
165
166
128
130
162
129
162
163
129
163
164
129
164
165
129
131
161
130
161
162
130
131
160
161
131
159
160
131
158
159
132
158
131
132
157
158
132
156
157
133
156
132
133
155
156
133
154
155
134
154
133
134
153
154
135
153
134
135
152
153
136
152
135
136
151
152
136
150
151
137
150
136
137
149
150
138
149
137
138
148
149
139
148
138
141
139
140
141
148
139
141
147
148
141
146
147
142
146
141
143
145
142
145
146
142
143
144
145
175
177
174
175
176
177
313
311
312
314
311
313
315
311
314
315
310
311
316
310
315
317
310
316
318
310
317
318
309
310
319
309
318
320
309
319
321
309
320
321
308
309
322
308
321
323
308
322
323
307
308
324
307
323
178
179
324
179
180
324
180
181
324
181
182
324
182
307
324
182
183
307
183
184
307
184
306
307
184
185
306
185
186
306
186
305
306
186
187
305
187
188
305
188
189
305
189
304
305
189
190
304
190
191
304
191
303
304
192
303
191
193
303
192
194
303
193
194
302
303
195
302
194
196
302
195
197
302
196
197
301
302
198
301
197
199
301
198
199
300
301
200
300
199
201
300
200
201
299
300
202
299
201
203
299
202
203
298
299
204
298
203
204
297
298
205
297
204
205
296
297
206
296
205
206
295
296
207
295
206
207
294
295
208
294
207
209
294
208
209
293
294
210
293
209
210
292
293
211
292
210
212
292
211
213
292
212
213
291
292
214
291
213
215
291
214
215
290
291
215
289
290
215
288
289
215
287
288
215
286
287
215
285
286
215
284
285
215
283
284
215
216
283
216
282
283
217
282
216
218
282
217
219
282
218
219
281
282
220
281
219
221
281
220
221
280
281
222
280
221
222
279
280
223
279
222
224
279
223
224
278
279
225
278
224
225
277
278
226
277
225
226
276
277
227
276
226
227
275
276
228
275
227
229
275
228
229
274
275
230
274
229
231
274
230
231
273
274
252
250
251
232
273
231
252
249
250
233
273
232
252
248
249
233
272
273
234
272
233
252
247
248
252
246
247
235
272
234
252
245
246
236
272
235
252
244
245
252
243
244
237
272
236
237
271
272
252
242
243
238
271
237
252
241
242
252
240
241
239
271
238
252
239
240
252
271
239
252
270
271
252
269
270
252
268
269
253
268
252
254
268
253
255
268
254
255
267
268
256
267
255
257
267
256
257
266
267
258
266
257
259
266
258
260
266
259
260
265
266
261
265
260
262
265
261
262
264
265
263
264
262
366
364
365
366
363
364
367
363
366
367
362
363
368
362
367
368
361
362
368
360
361
369
360
368
369
359
360
326
379
325
326
378
379
370
359
369
370
358
359
370
357
358
371
357
370
371
356
357
372
356
371
372
355
356
372
354
355
373
354
372
373
353
354
374
353
373
374
343
353
343
344
353
344
345
353
345
346
353
346
347
353
347
348
353
348
349
353
349
350
353
350
351
353
351
352
353
375
341
374
341
342
374
342
343
374
376
339
375
339
340
375
340
341
375
376
338
339
376
337
338
377
337
376
377
336
337
377
335
336
326
377
378
326
331
377
331
332
377
332
333
377
333
334
377
334
335
377
326
330
331
326
329
330
326
328
329
326
327
328
382
380
381
382
391
380
391
392
380
392
390
380
382
394
391
393
390
392
382
393
394
382
390
393
382
389
390
382
388
389
383
388
382
384
388
383
385
387
384
387
388
384
385
386
387
396
398
395
396
397
398
401
475
400
475
399
400
475
476
399
401
474
475
474
472
473
401
472
474
401
471
472
401
470
471
401
469
470
401
402
469
402
468
469
402
403
468
403
467
468
403
404
467
404
466
467
405
466
404
406
466
405
407
466
406
407
465
466
408
465
407
409
465
408
409
464
465
410
464
409
410
463
464
411
463
410
412
463
411
412
462
463
413
462
412
413
461
462
414
461
413
415
461
414
415
460
461
416
460
415
417
460
416
417
459
460
418
459
417
438
436
437
419
459
418
438
435
436
419
458
459
420
458
419
438
434
435
438
433
434
421
458
420
438
432
433
438
431
432
422
458
421
438
430
431
422
457
458
423
457
422
438
429
430
438
428
429
424
457
423
438
427
428
438
426
427
425
457
424
438
425
426
438
457
425
438
456
457
438
455
456
438
454
455
439
454
438
440
454
439
440
453
454
441
453
440
442
453
441
443
453
442
443
452
453
444
452
443
445
452
444
445
451
452
446
451
445
447
451
446
448
451
447
448
450
451
449
450
448
503
501
502
504
501
503
505
501
504
505
500
501
506
500
505
506
499
500
507
499
506
508
499
507
508
498
499
509
498
508
510
498
509
510
497
498
511
497
510
512
497
511
512
496
497
513
496
512
514
496
513
514
495
496
515
516
514
516
517
514
517
518
514
518
519
514
519
520
514
520
521
514
521
522
514
522
523
514
523
524
514
524
525
514
525
526
514
526
495
514
526
527
495
527
494
495
528
494
527
529
494
528
530
494
529
530
493
494
531
493
530
532
493
531
533
493
532
533
492
493
534
492
533
535
492
534
535
491
492
536
491
535
537
491
536
537
490
491
538
490
537
539
490
538
539
489
490
540
489
539
541
489
540
541
488
489
542
488
541
543
488
542
543
487
488
544
487
543
545
487
544
545
486
487
546
486
545
547
486
546
548
486
547
548
485
486
549
485
548
550
485
549
550
484
485
551
484
550
552
484
551
552
483
484
553
483
552
553
482
483
554
482
553
554
481
482
555
481
554
556
481
555
556
480
481
557
480
556
557
479
480
558
479
557
558
478
479
559
478
558
560
478
559
560
477
478
560
565
477
561
565
560
562
565
561
563
565
562
564
565
563
701
699
700
702
699
701
703
699
702
703
698
699
704
698
703
705
698
704
706
698
705
706
697
698
707
697
706
708
697
707
709
697
708
709
696
697
710
696
709
711
696
710
711
695
696
712
695
711
566
567
712
567
568
712
568
569
712
569
570
712
570
695
712
570
571
695
571
572
695
572
694
695
572
573
694
573
574
694
574
693
694
574
575
693
575
576
693
576
577
693
577
692
693
577
578
692
578
579
692
579
691
692
580
691
579
581
691
580
582
691
581
582
690
691
583
690
582
584
690
583
585
690
584
585
689
690
586
689
585
587
689
586
587
688
689
588
688
587
589
688
588
589
687
688
590
687
589
591
687
590
591
686
687
592
686
591
592
685
686
593
685
592
593
684
685
594
684
593
594
683
684
595
683
594
595
682
683
596
682
595
597
682
596
597
681
682
598
681
597
598
680
681
599
680
598
600
680
599
601
680
600
601
679
680
602
679
601
603
679
602
603
678
679
603
677
678
603
676
677
603
675
676
603
674
675
603
673
674
603
672
673
603
671
672
603
604
671
604
670
671
605
670
604
606
670
605
607
670
606
607
669
670
608
669
607
609
669
608
609
668
669
610
668
609
610
667
668
611
667
610
612
667
611
612
666
667
613
666
612
613
665
666
614
665
613
614
664
665
615
664
614
615
663
664
616
663
615
617
663
616
617
662
663
618
662
617
619
662
618
619
661
662
640
638
639
620
661
619
640
637
638
621
661
620
640
636
637
621
660
661
622
660
621
640
635
636
640
634
635
623
660
622
640
633
634
624
660
623
640
632
633
640
631
632
625
660
624
625
659
660
640
630
631
626
659
625
640
629
630
640
628
629
627
659
626
640
627
628
640
659
627
640
658
659
640
657
658
640
656
657
641
656
640
642
656
641
643
656
642
643
655
656
644
655
643
645
655
644
645
654
655
646
654
645
647
654
646
648
654
647
648
653
654
649
653
648
650
653
649
650
652
653
651
652
650
715
713
714
715
752
713
728
726
727
728
725
726
728
724
725
728
723
724
728
722
723
729
722
728
729
721
722
729
720
721
729
719
720
730
719
729
730
718
719
730
717
718
730
716
717
730
715
716
731
715
730
731
787
715
787
788
715
788
789
715
789
790
715
790
752
715
732
784
731
784
785
731
785
786
731
786
787
731
733
781
732
781
782
732
782
783
732
783
784
732
734
778
733
778
779
733
779
780
733
780
781
733
734
777
778
734
776
777
735
776
734
735
775
776
735
774
775
753
752
790
735
773
774
736
773
735
736
772
773
736
771
772
737
771
736
737
770
771
737
769
770
738
769
737
738
768
769
739
768
738
739
767
768
739
766
767
740
766
739
740
765
766
740
764
765
741
764
740
741
763
764
742
763
741
742
762
763
742
761
762
743
761
742
743
760
761
743
759
760
744
759
743
744
758
759
744
757
758
744
756
757
745
756
744
745
755
756
745
754
755
745
753
754
745
752
753
746
752
745
747
752
746
748
752
747
749
752
748
750
752
749
751
752
750
793
791
792
793
802
791
802
803
791
803
801
791
793
805
802
804
801
803
793
804
805
793
801
804
793
800
801
793
799
800
794
799
793
795
799
794
796
798
795
798
799
795
796
797
798
808
806
807
808
862
806
850
848
849
851
848
850
851
847
848
852
847
851
853
847
852
853
846
847
854
846
853
854
845
846
855
845
854
856
845
855
856
844
845
857
844
856
858
844
857
858
843
844
859
843
858
859
842
843
860
842
859
861
842
860
861
822
842
822
841
842
808
861
862
808
810
861
810
811
861
811
812
861
812
813
861
813
814
861
814
815
861
815
816
861
816
817
861
817
818
861
818
819
861
819
820
861
820
821
861
821
822
861
823
841
822
824
841
823
825
841
824
826
841
825
826
840
841
827
840
826
828
840
827
829
840
828
829
839
840
830
839
829
831
839
830
831
838
839
832
838
831
808
809
810
833
838
832
833
837
838
834
837
833
835
837
834
835
836
837
876
874
875
876
873
874
877
873
876
877
872
873
877
871
872
878
871
877
878
870
871
878
869
870
879
869
878
879
868
869
879
867
868
880
867
879
880
866
867
880
865
866
881
865
880
881
864
865
881
863
864
882
863
881
882
988
863
988
989
863
989
990
863
990
991
863
991
992
863
992
993
863
993
994
863
994
995
863
995
996
863
883
986
882
986
987
882
987
988
882
884
985
883
985
986
883
885
983
884
983
984
884
984
985
884
885
982
983
885
981
982
885
980
981
885
979
980
885
978
979
886
978
885
886
977
978
886
976
977
886
975
976
886
974
975
887
974
886
887
973
974
887
972
973
887
971
972
888
971
887
888
970
971
888
969
970
888
968
969
888
967
968
888
966
967
889
966
888
889
965
966
889
964
965
889
963
964
890
963
889
890
962
963
890
961
962
890
960
961
891
960
890
891
959
960
892
959
891
892
958
959
892
957
958
893
957
892
893
956
957
894
956
893
894
955
956
894
954
955
895
954
894
895
953
954
896
953
895
896
952
953
896
951
952
897
951
896
897
950
951
898
950
897
898
949
950
899
949
898
899
948
949
924
922
923
899
947
948
900
947
899
924
921
922
901
947
900
924
920
921
902
947
901
902
946
947
924
919
920
903
946
902
924
918
919
904
946
903
924
917
918
905
946
904
905
945
946
924
916
917
906
945
905
907
945
906
924
915
916
908
945
907
924
914
915
909
945
908
924
913
914
910
945
909
924
912
913
911
945
910
924
911
912
911
944
945
924
944
911
924
943
944
924
942
943
925
942
924
925
941
942
926
941
925
927
941
926
927
940
941
928
940
927
929
940
928
929
939
940
930
939
929
930
938
939
931
938
930
932
938
931
932
937
938
933
937
932
934
937
933
934
936
937
935
936
934
998
1000
997
998
999
1000
1136
1134
1135
1137
1134
1136
1138
1134
1137
1138
1133
1134
1139
1133
1138
1140
1133
1139
1141
1133
1140
1141
1132
1133
1142
1132
1141
1143
1132
1142
1144
1132
1143
1144
1131
1132
1145
1131
1144
1146
1131
1145
1146
1130
1131
1147
1130
1146
1001
1002
1147
1002
1003
1147
1003
1004
1147
1004
1005
1147
1005
1130
1147
1005
1006
1130
1006
1007
1130
1007
1129
1130
1007
1008
1129
1008
1009
1129
1009
1128
1129
1009
1010
1128
1010
1011
1128
1011
1012
1128
1012
1127
1128
1012
1013
1127
1013
1014
1127
1014
1126
1127
1015
1126
1014
1016
1126
1015
1017
1126
1016
1017
1125
1126
1018
1125
1017
1019
1125
1018
1020
1125
1019
1020
1124
1125
1021
1124
1020
1022
1124
1021
1022
1123
1124
1023
1123
1022
1024
1123
1023
1024
1122
1123
1025
1122
1024
1026
1122
1025
1026
1121
1122
1027
1121
1026
1027
1120
1121
1028
1120
1027
1028
1119
1120
1029
1119
1028
1029
1118
1119
1030
1118
1029
1030
1117
1118
1031
1117
1030
1032
1117
1031
1032
1116
1117
1033
1116
1032
1033
1115
1116
1034
1115
1033
1035
1115
1034
1036
1115
1035
1036
1114
1115
1037
1114
1036
1038
1114
1037
1038
1113
1114
1038
1112
1113
1038
1111
1112
1038
1110
1111
1038
1109
1110
1038
1108
1109
1038
1107
1108
1038
1106
1107
1038
1039
1106
1039
1105
1106
1040
1105
1039
1041
1105
1040
1042
1105
1041
1042
1104
1105
1043
1104
1042
1044
1104
1043
1044
1103
1104
1045
1103
1044
1045
1102
1103
1046
1102
1045
1047
1102
1046
1047
1101
1102
1048
1101
1047
1048
1100
1101
1049
1100
1048
1049
1099
1100
1050
1099
1049
1050
1098
1099
1051
1098
1050
1052
1098
1051
1052
1097
1098
1053
1097
1052
1054
1097
1053
1054
1096
1097
1075
1073
1074
1055
1096
1054
1075
1072
1073
1056
1096
1055
1075
1071
1072
1056
1095
1096
1057
1095
1056
1075
1070
1071
1075
1069
1070
1058
1095
1057
1075
1068
1069
1059
1095
1058
1075
1067
1068
1075
1066
1067
1060
1095
1059
1060
1094
1095
1075
1065
1066
1061
1094
1060
1075
1064
1065
1075
1063
1064
1062
1094
1061
1075
1062
1063
1075
1094
1062
1075
1093
1094
1075
1092
1093
1075
1091
1092
1076
1091
1075
1077
1091
1076
1078
1091
1077
1078
1090
1091
1079
1090
1078
1080
1090
1079
1080
1089
1090
1081
1089
1080
1082
1089
1081
1083
1089
1082
1083
1088
1089
1084
1088
1083
1085
1088
1084
1085
1087
1088
1086
1087
1085
1150
1148
1149
1150
1151
1148
1151
1153
1148
1152
1153
1151
1184
1182
1183
1184
1181
1182
1157
1155
1156
1157
1154
1155
1185
1181
1184
1185
1180
1181
1185
1179
1180
1186
1179
1185
1186
1178
1179
1158
1154
1157
1186
1177
1178
1159
1154
1158
1187
1177
1186
1187
1176
1177
1160
1154
1159
1161
1154
1160
1187
1175
1176
1188
1175
1187
1162
1154
1161
1188
1174
1175
1163
1208
1162
1208
1154
1162
1188
1173
1174
1164
1208
1163
1188
1172
1173
1165
1208
1164
1189
1172
1188
1166
1208
1165
1189
1171
1172
1167
1208
1166
1189
1170
1171
1168
1208
1167
1189
1169
1170
1169
1208
1168
1189
1208
1169
1189
1207
1208
1209
1154
1208
1190
1207
1189
1190
1206
1207
1190
1205
1206
1191
1205
1190
1191
1204
1205
1192
1204
1191
1192
1203
1204
1192
1202
1203
1193
1202
1192
1193
1201
1202
1193
1200
1201
1194
1200
1193
1194
1199
1200
1195
1199
1194
1195
1198
1199
1195
1197
1198
1196
1197
1195
1248
1250
1247
1250
1246
1247
1250
1245
1246
1250
1244
1245
1250
1243
1244
1250
1242
1243
1250
1241
1242
1250
1240
1241
1250
1239
1240
1250
1251
1239
1251
1252
1239
1252
1238
1239
1248
1287
1250
1253
1238
1252
1254
1238
1253
1255
1238
1254
1256
1238
1255
1256
1237
1238
1257
1237
1256
1258
1237
1257
1258
1236
1237
1259
1236
1258
1260
1236
1259
1260
1235
1236
1261
1235
1260
1262
1235
1261
1262
1234
1235
1263
1234
1262
1264
1234
1263
1264
1233
1234
1265
1233
1264
1265
1232
1233
1266
1232
1265
1267
1232
1266
1267
1231
1232
1268
1231
1267
1269
1231
1268
1269
1230
1231
1270
1230
1269
1270
1229
1230
1271
1229
1270
1248
1286
1287
1272
1229
1271
1248
1285
1286
1248
1284
1285
1248
1210
1284
1210
1283
1284
1273
1229
1272
1210
1282
1283
1210
1281
1282
1273
1228
1229
1274
1228
1273
1210
1280
1281
1210
1279
1280
1210
1278
1279
1275
1228
1274
1210
1277
1278
1210
1276
1277
1210
1275
1276
1210
1228
1275
1210
1227
1228
1210
1226
1227
1210
1225
1226
1248
1249
1210
1211
1225
1210
1211
1224
1225
1212
1224
1211
1213
1224
1212
1214
1224
1213
1215
1224
1214
1215
1223
1224
1216
1223
1215
1217
1223
1216
1218
1223
1217
1219
1223
1218
1219
1222
1223
1220
1222
1219
1221
1222
1220
1382
1380
1381
1358
1356
1357
1383
1380
1382
1383
1379
1380
1359
1356
1358
1359
1355
1356
1384
1379
1383
1384
1378
1379
1360
1355
1359
1385
1378
1384
1385
1377
1378
1360
1354
1355
1361
1354
1360
1386
1377
1385
1289
1394
1288
1289
1393
1394
1386
1376
1377
1362
1354
1361
1387
1376
1386
1362
1353
1354
1387
1375
1376
1388
1375
1387
1363
1353
1362
1388
1374
1375
1363
1352
1353
1389
1374
1388
1364
1352
1363
1389
1373
1374
1390
1373
1389
1365
1352
1364
1365
1351
1352
1390
1372
1373
1391
1372
1390
1366
1351
1365
1391
1371
1372
1392
1371
1391
1366
1350
1351
1367
1350
1366
1392
1370
1371
1393
1370
1392
1368
1350
1367
1368
1330
1350
1330
1349
1350
1289
1291
1393
1291
1292
1393
1292
1293
1393
1293
1294
1393
1294
1295
1393
1295
1296
1393
1296
1297
1393
1297
1298
1393
1298
1299
1393
1299
1300
1393
1300
1301
1393
1301
1302
1393
1302
1370
1393
1302
1303
1370
1303
1369
1370
1369
1329
1368
1329
1330
1368
1304
1369
1303
1331
1349
1330
1369
1328
1329
1305
1369
1304
1332
1349
1331
1369
1327
1328
1306
1369
1305
1333
1349
1332
1369
1326
1327
1307
1369
1306
1307
1326
1369
1334
1349
1333
1307
1325
1326
1334
1348
1349
1308
1325
1307
1308
1324
1325
1335
1348
1334
1308
1323
1324
1309
1323
1308
1336
1348
1335
1309
1322
1323
1310
1322
1309
1337
1348
1336
1310
1321
1322
1337
1347
1348
1311
1321
1310
1311
1320
1321
1338
1347
1337
1311
1319
1320
1312
1319
1311
1339
1347
1338
1312
1318
1319
1339
1346
1347
1313
1318
1312
1289
1290
1291
1313
1317
1318
1340
1346
1339
1314
1317
1313
1341
1346
1340
1341
1345
1346
1315
1317
1314
1342
1345
1341
1342
1344
1345
1316
1317
1315
1343
1344
1342
1408
1406
1407
1408
1405
1406
1409
1405
1408
1409
1404
1405
1410
1404
1409
1410
1403
1404
1411
1403
1410
1412
1403
1411
1412
1402
1403
1413
1402
1412
1413
1479
1402
1479
1401
1402
1413
1478
1479
1480
1401
1479
1413
1477
1478
1481
1401
1480
1414
1477
1413
1481
1400
1401
1414
1476
1477
1482
1400
1481
1414
1475
1476
1483
1400
1482
1414
1474
1475
1484
1400
1483
1415
1474
1414
1484
1399
1400
1415
1473
1474
1485
1399
1484
1415
1472
1473
1486
1399
1485
1416
1472
1415
1486
1398
1399
1416
1471
1472
1487
1398
1486
1417
1471
1416
1487
1397
1398
1417
1470
1471
1488
1397
1487
1417
1469
1470
1489
1397
1488
1418
1469
1417
1489
1396
1397
1418
1468
1469
1490
1396
1489
1419
1468
1418
1490
1395
1396
1419
1467
1468
1443
1395
1490
1420
1467
1419
1420
1466
1467
1444
1395
1443
1444
1442
1395
1420
1465
1466
1445
1442
1444
1421
1465
1420
1445
1441
1442
1421
1464
1465
1446
1441
1445
1422
1464
1421
1446
1440
1441
1447
1440
1446
1422
1463
1464
1448
1440
1447
1422
1462
1463
1423
1462
1422
1448
1439
1440
1449
1439
1448
1423
1461
1462
1424
1461
1423
1449
1438
1439
1450
1438
1449
1424
1460
1461
1451
1438
1450
1424
1459
1460
1425
1459
1424
1451
1437
1438
1452
1437
1451
1425
1458
1459
1453
1437
1452
1425
1457
1458
1454
1437
1453
1425
1456
1457
1426
1456
1425
1454
1436
1437
1455
1436
1454
1426
1455
1456
1426
1436
1455
1427
1436
1426
1427
1435
1436
1428
1435
1427
1428
1434
1435
1429
1434
1428
1429
1433
1434
1430
1433
1429
1430
1432
1433
1431
1432
1430
1504
1502
1503
1504
1501
1502
1504
1500
1501
1505
1500
1504
1505
1499
1500
1505
1498
1499
1505
1497
1498
1506
1497
1505
1506
1496
1497
1506
1495
1496
1506
1494
1495
1507
1494
1506
1507
1493
1494
1507
1492
1493
1507
1491
1492
1508
1491
1507
1508
1580
1491
1580
1581
1491
1581
1582
1491
1582
1583
1491
1583
1584
1491
1584
1585
1491
1585
1586
1491
1586
1587
1491
1587
1588
1491
1509
1578
1508
1578
1579
1508
1579
1580
1508
1510
1576
1509
1576
1577
1509
1577
1578
1509
1510
1575
1576
1510
1574
1575
1510
1573
1574
1511
1573
1510
1511
1572
1573
1511
1571
1572
1511
1570
1571
1512
1570
1511
1512
1569
1570
1512
1568
1569
1513
1568
1512
1513
1567
1568
1513
1566
1567
1514
1566
1513
1514
1565
1566
1515
1565
1514
1515
1564
1565
1515
1563
1564
1516
1563
1515
1516
1562
1563
1517
1562
1516
1517
1561
1562
1517
1560
1561
1518
1560
1517
1518
1559
1560
1518
1558
1559
1519
1558
1518
1519
1557
1558
1541
1539
1540
1519
1556
1557
1542
1539
1541
1520
1556
1519
1543
1539
1542
1520
1555
1556
1544
1539
1543
1545
1539
1544
1546
1539
1545
1520
1554
1555
1547
1539
1546
1548
1539
1547
1520
1553
1554
1549
1539
1548
1550
1539
1549
1520
1552
1553
1551
1539
1550
1521
1552
1520
1552
1539
1551
1521
1539
1552
1522
1539
1521
1523
1539
1522
1524
1539
1523
1524
1538
1539
1524
1537
1538
1524
1536
1537
1525
1536
1524
1525
1535
1536
1525
1534
1535
1525
1533
1534
1525
1532
1533
1526
1532
1525
1526
1531
1532
1526
1530
1531
1526
1529
1530
1527
1529
1526
1527
1528
1529